#superficie
#vertices 7 7
#lin-0
#v00 -54.0 -54.0 001.6
#v01 -54.0 -36.0 -15.3
#v02 -54.0 -18.0 -20.0
#v03 -54.0 000.0 -19.6
#v04 -54.0 018.0 -20.0
#v05 -54.0 036.0 -15.3
#v06 -54.0 054.0 001.6
#lin-1
#v10 -36.0 -54.0 -15.3
#v11 -36.0 -36.0 -17.8
#v12 -36.0 -18.0 -04.2
#v13 -36.0 000.0 002.8
#v14 -36.0 018.0 -04.2
#v15 -36.0 036.0 -17.8
#v16 -36.0 054.0 -15.3
#lin-2
#v20 -18.0 -54.0 -20.0
#v21 -18.0 -36.0 -04.2
#v22 -18.0 -18.0 017.0
#v23 -18.0 000.0 019.9
#v24 -18.0 018.0 017.0
#v25 -18.0 036.0 -04.2
#v26 -18.0 054.0 -20.0
#lin-3
#v30 000.0 -54.0 -19.6
#v31 000.0 -36.0 002.8
#v32 000.0 -18.0 019.9
#v33 000.0 000.0 000.0
#v34 000.0 018.0 019.9
#v35 000.0 036.0 002.8
#v36 000.0 054.0 -19.6
#lin-4
#v40 018.0 -54.0 -20.0
#v41 018.0 -36.0 -04.2
#v42 018.0 -18.0 017.0
#v43 018.0 000.0 019.9
#v44 018.0 018.0 017.0
#v45 018.0 036.0 -04.2
#v46 018.0 054.0 -20.0
#lin-5
#v50 036.0 -54.0 -15.3
#v51 036.0 -36.0 -17.8
#v52 036.0 -18.0 -04.2
#v53 036.0 000.0 002.8
#v54 036.0 018.0 -04.2
#v55 036.0 036.0 -17.8
#v56 036.0 054.0 -15.3
#lin-6
#v60 054.0 -54.0 001.6
#v61 054.0 -36.0 -15.3
#v62 054.0 -18.0 -20.0
#v63 054.0 000.0 -19.6
#v64 054.0 018.0 -20.0
#v65 054.0 036.0 -15.3
#v66 054.0 054.0 001.6
#linhaFim